
function b = IsShadowImage(file)
    W1 =[-0.00962856152235370,0.00848974558908420,-0.00250376095554745,0.00282525475939759,0.000292189404092329,-0.0105055984092456,0.00239614242742286,-0.00171762821621007,0.00713646450914894,0.0115730020515153,-0.00357953732593897,0.00186768580275273,-0.00513182729684798,-0.00157529872809393,0.00134747227135494,-0.00186767299876592,0.00173543532029294,0.00171759741038927;0.00848974558908417,-0.0145562570296125,0.00463079335799758,-0.00618776637540714,0.00135498956770467,0.0100017736294268,-0.00728221511125976,0.00661863001617321,-0.00663229297332740,-0.00612696511692420,0.00688296072261269,-0.00447453301611484,0.00732763775501156,0.00103056826500500,-0.00212234070551721,0.00154671747609233,-0.00387043433381126,0.000995507235109060;-0.00250376095554734,0.00463079335799752,-0.00734708334920530,2.68861204081161e-05,-0.00143853446578554,0.00547283802254563,0.00733984850255155,-0.000836994103334825,-0.00159868677536269,-0.00133846475170105,-0.00235298560349889,-0.000844420704064458,-0.000390254766870853,-0.00130136496408191,0.00173644964857855,-0.000805945358468887,-0.000934197092616843,0.000574856643561188;0.00282525475939791,-0.00618776637540743,2.68861204081576e-05,-0.0325709495690770,0.00817422096130115,-0.00772768877452569,0.0154672029726838,0.0208687220921739,0.00213703576160088,0.00421123217394594,-0.0246358358800668,0.00135623686670982,-0.00219379199378508,0.00166880314922754,0.0218871621978917,-0.0116159647011613,-0.00259160292159554,0.00192332834843197;0.000292189404092254,0.00135498956770475,-0.00143853446578554,0.00817422096130113,-0.00604671721834049,0.00798699988986478,-0.00461185476247766,-0.00580297691906139,-0.00190574525820580,-0.00531198102768459,0.0116472788922369,-0.000704764660414981,0.00351855222300804,-0.000569526924346169,-0.00911464921309265,0.00425173872174791,-0.000325517579245228,0.000463728022425202;-0.0105055984092455,0.0100017736294267,0.00547283802254549,-0.00772768877452618,0.00798699988986492,-0.0391677907073991,0.00609741908237488,0.00240115148366421,0.0190440997719635,0.0208730926040409,-0.0256160625788813,0.00818954806476721,-0.0136208788230401,0.00537458797035821,0.0157045328476006,-0.00798171184092616,0.00590109618558941,-0.000715929266332226;0.00239614242742251,-0.00728221511125945,0.00733984850255145,0.0154672029726837,-0.00461185476247763,0.00609741908237440,-0.0297641634547349,-0.00565643088491696,-0.00315924141638637,0.00488606285763653,0.0297107708751055,-0.00534589398012664,0.00520910819109736,-0.00237063070429075,-0.0154038016750136,0.00854771266485302,-0.000557064255963226,0.00108850773094138;-0.00171762821621027,0.00661863001617342,-0.000836994103334814,0.0208687220921739,-0.00580297691906140,0.00240115148366384,-0.00565643088491710,-0.0270466460409375,0.00258443826720961,-0.00609114288755444,0.0205315320935157,0.0136418853006765,-6.62535923060120e-06,-0.00363666747955407,-0.0171986497976060,0.00261840445344198,0.00298432275036327,-0.00156004451205995;0.00713646450914893,-0.00663229297332739,-0.00159868677536260,0.00213703576160120,-0.00190574525820589,0.0190440997719635,-0.00315924141638667,0.00258443826720939,-0.0127992782394902,-0.0106579966501326,0.00734034411065871,-0.00661893719034230,0.00716286680492348,-0.00122880031661426,-0.00411889757125923,0.00390580541457963,-0.00275066084967572,-0.000919797614619895;0.0115730020515153,-0.00612696511692421,-0.00133846475170086,0.00421123217394649,-0.00531198102768472,0.0208730926040410,0.00488606285763596,-0.00609114288755484,-0.0106579966501325,-0.0313827151780568,0.00691064034386426,-0.000209078059009238,0.0103807941501589,0.00707695295108687,-0.00967226837250036,0.00478180916678794,-0.00215425148724637,-0.00385359453330732;-0.00357953732593855,0.00688296072261226,-0.00235298560349886,-0.0246358358800669,0.0116472788922369,-0.0256160625788807,0.0297107708751058,0.0205315320935157,0.00734034411065831,0.00691064034386353,-0.0630309672418470,0.000490453973345469,-0.0114668221451216,0.0116180554039762,0.0392057282584720,-0.0150349620989531,0.00277467779678467,-0.00242653382187900;0.00186768580275272,-0.00447453301611486,-0.000844420704064493,0.00135623686670988,-0.000704764660415022,0.00818954806476733,-0.00534589398012663,0.0136418853006764,-0.00661893719034234,-0.000209078059009337,0.000490453973345534,-0.0227179044725386,0.00403515877055903,0.00223106908728780,0.00170622074453155,0.0114624428473149,-0.00313899688528445,2.90370804639710e-05;-0.00513182729684791,0.00732763775501150,-0.000390254766870884,-0.00219379199378526,0.00351855222300810,-0.0136208788230401,0.00520910819109755,-6.62535923044863e-06,0.00716286680492344,0.0103807941501589,-0.0114668221451219,0.00403515877055896,-0.00918245552689727,-0.000551295278076893,0.00745352929910780,-0.00438242491876227,0.00293919516296392,-0.000719977414640084;-0.00157529872809396,0.00103056826500507,-0.00130136496408192,0.00166880314922749,-0.000569526924346152,0.00537458797035811,-0.00237063070429070,-0.00363666747955403,-0.00122880031661422,0.00707695295108695,0.0116180554039761,0.00223106908728780,-0.000551295278076949,-0.0116710968731629,-0.00401746221410262,-0.000119453900619202,0.000147538674288143,0.00201919051695882;0.00134747227135465,-0.00212234070551694,0.00173644964857857,0.0218871621978918,-0.00911464921309271,0.0157045328476001,-0.0154038016750139,-0.0171986497976061,-0.00411889757125895,-0.00967226837249984,0.0392057282584722,0.00170622074453162,0.00745352929910765,-0.00401746221410271,-0.0320654672374608,0.0113026966383020,-0.000585520509348643,0.000400066881572470;-0.00186767299876579,0.00154671747609222,-0.000805945358468871,-0.0116159647011614,0.00425173872174796,-0.00798171184092602,0.00854771266485313,0.00261840445344201,0.00390580541457952,0.00478180916678776,-0.0150349620989532,0.0114624428473149,-0.00438242491876223,-0.000119453900619181,0.0113026966383020,-0.0135244239975406,0.00111867479093049,0.00110806238242528;0.00173543532029297,-0.00387043433381128,-0.000934197092616836,-0.00259160292159548,-0.000325517579245252,0.00590109618558950,-0.000557064255963266,0.00298432275036322,-0.00275066084967577,-0.00215425148724644,0.00277467779678477,-0.00313899688528444,0.00293919516296395,0.000147538674288130,-0.000585520509348715,0.00111867479093051,-0.00269006622824761,0.000986410130293145;0.00171759741038926,0.000995507235109059,0.000574856643561219,0.00192332834843206,0.000463728022425183,-0.000715929266332249,0.00108850773094129,-0.00156004451205999,-0.000919797614619879,-0.00385359453330731,-0.00242653382187891,2.90370804639599e-05,-0.000719977414640074,0.00201919051695883,0.000400066881572394,0.00110806238242532,0.000986410130293155,-0.00231069028697375];
    w1 = [-0.845542360885787;0.280336092997001;0.473183395460263;1.94854199293082;-0.696596587938079;0.0777332144767540;-1.98027183038834;-0.895141812497727;0.718200145769720;1.68966003469882;3.35078646182922;-0.0540454740864566;0.243051405091944;-1.33707233695591;-2.10898398847232;0.999813011036164;0.140855591688891;0.648486386843387];
    w10 =[-234.299648694353];
